debug9BmiX:debugaQ80p,initialized,0,,1530919177876
debug9BmiX:debugaQ80p,window_resize,0,"[1024, 768]",1530919177876
debugmoXRN:debug3CiD8,initialized,0,,1531168934505
debugmoXRN:debug3CiD8,window_resize,0,"[1280, 703]",1531168934505
debugGZKdX:debugn5SkX,initialized,0,,1531346714717
debugGZKdX:debugn5SkX,window_resize,0,"[1024, 746]",1531346714717
debugGZKdX:debugn5SkX,window_resize,4852,"[1440, 900]",1531346719569
debugO7ZdL:debugFrPqD,initialized,0,,1531346603717
debugO7ZdL:debugFrPqD,window_resize,0,"[1280, 703]",1531346603717
debugO7ZdL:debugFrPqD,window_resize,5088,"[1280, 800]",1531346608805
debuglpctX:debugOa0Ps,initialized,0,,1531347542858
debuglpctX:debugOa0Ps,window_resize,0,"[1024, 746]",1531347542858
debuglpctX:debugOa0Ps,window_resize,13134,"[1280, 800]",1531347555992
debuglpctX:debugOa0Ps,focus,3383867,off,1531350939859
debuglpctX:debugOa0Ps,focus,1447,on,1531350941306
debuglpctX:debugOa0Ps,window_resize,177,"[1024, 746]",1531350941483
debug5qmT5:debuggsK2T,initialized,0,,1531347935326
debug5qmT5:debuggsK2T,window_resize,0,"[1024, 768]",1531347935326
debug5qmT5:debuggsK2T,window_resize,5219,"[2160, 1359]",1531347940545
debug5qmT5:debuggsK2T,window_resize,8074,"[1964, 1235]",1531347948619
debug5qmT5:debuggsK2T,window_resize,325,"[1728, 1087]",1531347948944
debug5qmT5:debuggsK2T,window_resize,370,"[1440, 906]",1531347949314
debug5qmT5:debuggsK2T,window_resize,3474,"[1440, 960]",1531347952788
debug5qmT5:debuggsK2T,window_resize,65855,"[1234, 823]",1531348018643
debug5qmT5:debuggsK2T,window_resize,552566,"[823, 1234]",1531348571209
debug5qmT5:debuggsK2T,focus,45939,off,1531348617148
debug5qmT5:debuggsK2T,window_resize,220,"[823, 1234]",1531348617368
debug5qmT5:debuggsK2T,focus,2665,on,1531348620033
debug5qmT5:debuggsK2T,window_resize,214,"[823, 1234]",1531348620247
debugjLI2L:debug02yQ9,initialized,0,,1531519440877
debugjLI2L:debug02yQ9,window_resize,0,"[1024, 746]",1531519440877
debugjLI2L:debug02yQ9,window_resize,9998,"[1440, 900]",1531519450875
debug47qwt:debugKzG49,initialized,0,,1531429648611
debug47qwt:debugKzG49,window_resize,1,"[1024, 761]",1531429648612
debug47qwt:debugKzG49,focus,2379,off,1531429650991
debug47qwt:debugKzG49,focus,15121,on,1531429666112
debug47qwt:debugKzG49,focus,1890,off,1531429668002
debug47qwt:debugKzG49,focus,1672,on,1531429669674
debug47qwt:debugKzG49,window_resize,6962,"[1440, 900]",1531429676636
debugV8ljX:debug3siV1,initialized,0,,1532713986212
debugV8ljX:debug3siV1,window_resize,0,"[1024, 768]",1532713986212
debugV8ljX:debug3siV1,window_resize,8693,"[1920, 1080]",1532713994905
debugIkxv4:debugsBPHW,initialized,0,,1531433845824
debugIkxv4:debugsBPHW,window_resize,0,"[1024, 746]",1531433845824
debugIkxv4:debugsBPHW,window_resize,16035,"[1440, 900]",1531433861859
debugcqVoi:debugjypth,initialized,0,,1532651411031
debugcqVoi:debugjypth,window_resize,0,"[1024, 746]",1532651411031
debugcqVoi:debugjypth,window_resize,4724,"[1440, 900]",1532651415755
debugPryr5:debugAzSDT,initialized,0,,1531598456138
debugPryr5:debugAzSDT,window_resize,1,"[1280, 703]",1531598456139
debugPryr5:debugAzSDT,window_resize,27520,"[1280, 800]",1531598483659
debugWqOcf:debugxnsBX,initialized,0,,1531598299168
debugWqOcf:debugxnsBX,window_resize,0,"[1024, 746]",1531598299168
debugWqOcf:debugxnsBX,window_resize,13131,"[1440, 900]",1531598312299
debugWqOcf:debugxnsBX,focus,6286,off,1531598318585
debugWqOcf:debugxnsBX,focus,9814,on,1531598328399
debug7Txag:debug4tzxS,initialized,0,,1532709271330
debug7Txag:debug4tzxS,window_resize,0,"[1024, 746]",1532709271330
debug7Txag:debug4tzxS,window_resize,4591,"[1440, 900]",1532709275921
